pos/9321501o.jpg 1 237 331 48 28
pos/9321502o.jpg 1 130 350 84 23
pos/9321504o.jpg 1 54 340 75 35
pos/9321509o.jpg 1 98 180 60 20
pos/9321517o.jpg 1 416 309 140 62
pos/9321518o.jpg 1 281 324 194 64
pos/9321521o.jpg 1 579 246 89 68
pos/9321555o.jpg 1 261 343 80 38
pos/9321556o.jpg 1 81 420 69 50
pos/9321557o.jpg 1 657 307 83 46
pos/9321559o.jpg 1 307 433 258 63
pos/9321560o.jpg 1 606 334 139 84
pos/9321561o.jpg 1 31 318 101 76
pos/9321562o.jpg 1 518 274 138 69
pos/9321564o.jpg 1 68 257 120 82
pos/9321585o.jpg 1 304 383 161 38
pos/9321587o.jpg 1 189 279 150 61
pos/9321595o.jpg 1 634 328 61 41
pos/9321599o.jpg 1 699 270 60 20
pos/9321601o.jpg 1 551 260 52 17
pos/9321603o.jpg 1 101 307 97 39
pos/9321606o.jpg 1 385 295 49 21
pos/9321643o.jpg 1 314 364 139 35
pos/9321646o.jpg 1 393 371 99 63
pos/9321657o.jpg 1 274 317 214 50
pos/9321658o.jpg 1 378 427 190 76
pos/9321664o.jpg 1 542 233 60 34
pos/9321667o.jpg 1 334 193 113 28
pos/9321682o.jpg 1 305 215 168 34
pos/9321683o.jpg 1 178 215 68 22
pos/9321684o.jpg 1 379 271 88 19
pos/9321685o.jpg 1 519 176 56 28
pos/9321717o.jpg 1 14 424 70 58
pos/9321719o.jpg 1 434 406 106 47
pos/9321720o.jpg 1 48 460 91 47
pos/9321733o.jpg 1 69 125 60 17
pos/9321739o.jpg 1 316 453 233 49
pos/9321763o.jpg 1 489 359 140 68
pos/9321775o.jpg 1 301 344 181 43
pos/9321776o.jpg 1 137 383 159 49
pos/9321777o.jpg 1 146 299 169 55
pos/9321778o.jpg 1 551 342 127 38
pos/9321779o.jpg 1 605 327 125 78
pos/9321800o.jpg 1 159 408 168 54
pos/9321811o.jpg 1 350 441 151 56
pos/9321813o.jpg 1 346 352 237 87
pos/9321816o.jpg 1 310 319 186 42
pos/9321826o.jpg 1 272 313 217 54
pos/9321827o.jpg 1 379 427 188 83
pos/9321832o.jpg 1 297 254 211 50
pos/9321833o.jpg 1 277 475 242 60
pos/9321834o.jpg 1 301 442 235 59
pos/9321838o.jpg 1 567 265 143 43
pos/9321841o.jpg 1 96 273 144 50
pos/9321848o.jpg 1 432 284 128 48
pos/9321850o.jpg 1 437 381 121 55
pos/9321857o.jpg 1 179 370 91 28
pos/9321859o.jpg 1 247 364 63 32
pos/9321862o.jpg 1 617 328 86 60
pos/9321863o.jpg 1 303 276 168 44
pos/9321864o.jpg 1 176 370 93 27
pos/9321866o.jpg 1 241 361 69 36
pos/9321869o.jpg 1 78 405 111 71
pos/9321870o.jpg 1 673 391 96 67
pos/9321871o.jpg 1 622 351 106 82
pos/9321872o.jpg 1 69 369 110 83
pos/9321881o.jpg 1 516 309 36 16
pos/9321923o.jpg 1 76 322 66 33
pos/9321924o.jpg 1 529 364 128 51
pos/9321926o.jpg 1 217 305 87 36
pos/9321946o.jpg 1 245 426 99 69
pos/9321954o.jpg 1 6 416 131 90
pos/9321969o.jpg 1 100 293 63 47
pos/9321979o.jpg 1 104 291 61 50
pos/9321985o.jpg 1 595 412 117 88
pos/9321987o.jpg 1 271 445 205 47
pos/9322023o.jpg 1 114 353 90 59
pos/9322026o.jpg 1 653 298 85 56
pos/9322098o.jpg 1 279 459 217 43
pos/9322103o.jpg 1 192 307 98 45
pos/9322108o.jpg 1 265 334 166 43
pos/9322112o.jpg 1 306 369 241 80
pos/9322122o.jpg 1 477 306 76 33
pos/9322123o.jpg 1 138 294 66 41
pos/9322135o.jpg 1 225 304 129 52
pos/9322148o.jpg 1 346 308 155 49
pos/9322164o.jpg 1 337 252 113 33
pos/9322167o.jpg 1 85 320 91 61
pos/9322169o.jpg 1 300 330 210 52
pos/9322174o.jpg 1 116 417 219 119
pos/9322200o.jpg 1 25 333 214 92
pos/9322206o.jpg 1 273 352 229 54
pos/9322212o.jpg 1 263 300 228 71
pos/9322215o.jpg 1 25 351 73 75
pos/9322216o.jpg 1 276 432 266 67
pos/9322219o.jpg 1 177 321 117 68
pos/9322221o.jpg 1 290 359 213 57
pos/9322233o.jpg 1 248 449 288 70
pos/9322273o.jpg 1 99 290 73 55
pos/9322295o.jpg 1 283 322 170 45
pos/9322303o.jpg 1 303 255 158 44
pos/9322325o.jpg 1 248 485 248 54
pos/9322329o.jpg 1 249 472 259 64
pos/9322332o.jpg 1 508 412 132 73
pos/9322333o.jpg 1 257 336 251 70
pos/9322335o.jpg 1 268 368 284 63
pos/9322356o.jpg 1 87 346 103 72
pos/9322358o.jpg 1 300 393 235 60
pos/9322359o.jpg 1 623 335 115 91
pos/9322360o.jpg 1 56 278 100 73
pos/9322361o.jpg 1 284 287 219 64
pos/9322362o.jpg 1 617 295 95 77
pos/9322379o.jpg 1 151 339 129 64
pos/9322380o.jpg 1 178 411 230 91
pos/9322382o.jpg 1 86 259 148 87
pos/9322383o.jpg 1 546 278 136 93
pos/9322386o.jpg 1 18 349 82 73
pos/9322387o.jpg 1 630 360 117 84
pos/9322413o.jpg 1 117 359 142 67
pos/9322414o.jpg 1 537 352 91 57
pos/9322424o.jpg 1 486 330 99 39
pos/9322434o.jpg 1 150 329 123 35
pos/9322442o.jpg 1 301 381 149 48
pos/9322443o.jpg 1 43 380 118 63
pos/9322444o.jpg 1 368 283 150 63
pos/9322457o.jpg 1 53 383 242 103
pos/9322464o.jpg 1 311 274 243 56
pos/9322472o.jpg 1 635 246 53 29
pos/9322479o.jpg 1 64 354 99 61
pos/9322482o.jpg 1 320 311 124 37
pos/9322484o.jpg 1 611 347 76 45
pos/9322502o.jpg 1 244 305 58 32
pos/9322503o.jpg 1 351 309 86 23
pos/9322506o.jpg 1 337 315 119 31
pos/9322508o.jpg 1 296 510 205 48
pos/9322511o.jpg 1 312 374 173 36
pos/9322514o.jpg 1 304 252 181 53
pos/9322516o.jpg 1 173 257 97 76
pos/9322523o.jpg 1 494 138 92 204
pos/9322550o.jpg 1 313 418 177 43
pos/9322565o.jpg 1 324 320 196 50
pos/9322568o.jpg 1 271 339 200 53
pos/9322569o.jpg 1 586 271 106 64
pos/9322574o.jpg 1 257 411 208 58
pos/9322593o.jpg 1 251 405 320 71
pos/9322597o.jpg 1 250 410 263 56
pos/9322615o.jpg 1 511 433 163 78
