pos/9321763o.jpg 1 488 359 142 71
pos/9322803o.jpg 1 111 262 120 60
pos/9324085o.jpg 1 542 239 130 65
pos/9324275o.jpg 1 483 391 132 66
pos/9321562o.jpg 1 514 273 145 72
pos/9323282o.jpg 1 512 252 158 78
pos/9661601o.jpg 1 236 232 61 30
pos/9661535o.jpg 1 116 371 114 56
pos/9324183o.jpg 1 502 382 161 79
pos/9324135o.jpg 1 396 324 182 89
pos/9660410o.jpg 1 112 282 111 54
pos/9322502o.jpg 1 244 308 58 28
pos/9323324o.jpg 1 100 328 139 67
pos/9321555o.jpg 1 264 344 79 38
pos/9322677o.jpg 1 482 288 127 61
pos/9322900o.jpg 1 101 295 98 47
pos/9324228o.jpg 1 82 432 190 91
pos/9321504o.jpg 1 58 343 71 34
pos/9321923o.jpg 1 73 322 71 34
pos/9324178o.jpg 1 503 384 159 76
pos/9321850o.jpg 1 431 378 128 61
pos/9660820o.jpg 1 160 387 170 81
pos/9324775o.jpg 1 45 313 63 30
pos/9324106o.jpg 1 181 254 82 39
pos/9323945o.jpg 1 597 355 118 56
pos/9322413o.jpg 1 116 358 140 66
pos/9322122o.jpg 1 468 304 87 41
pos/9322922o.jpg 1 571 371 153 72
pos/9321924o.jpg 1 528 360 132 62
pos/9321664o.jpg 1 540 235 62 29
pos/9323681o.jpg 1 159 381 137 64
pos/9324625o.jpg 1 61 405 137 64
pos/9321719o.jpg 1 437 407 103 48
pos/9322103o.jpg 1 188 305 103 48
pos/9661490o.jpg 1 532 332 84 39
pos/9322615o.jpg 1 511 435 164 76
pos/9660393o.jpg 1 595 286 104 48
pos/9661335o.jpg 1 592 321 156 72
pos/9322930o.jpg 1 509 359 166 76
pos/9323434o.jpg 1 168 348 134 61
pos/9323532o.jpg 1 104 261 88 40
pos/9322843o.jpg 1 133 332 183 83
pos/9660350o.jpg 1 85 359 137 62
pos/9324099o.jpg 1 605 296 126 57
pos/9322870o.jpg 1 426 362 124 56
pos/9322924o.jpg 1 158 299 140 63
pos/9660394o.jpg 1 155 269 132 59
pos/9661252o.jpg 1 449 273 72 32
pos/9322776o.jpg 1 135 306 124 55
pos/9660333o.jpg 1 408 448 237 105
pos/9660352o.jpg 1 116 277 111 49
pos/9324156o.jpg 1 129 441 132 58
pos/9324307o.jpg 1 75 313 121 53
pos/9321587o.jpg 1 194 280 149 65
pos/9322830o.jpg 1 42 158 69 30
pos/9323955o.jpg 1 156 247 136 59
pos/9323585o.jpg 1 587 510 113 49
pos/9324284o.jpg 1 468 356 120 52
pos/9324448o.jpg 1 131 391 178 77
pos/9324338o.jpg 1 128 252 118 51
pos/9321517o.jpg 1 417 308 139 60
pos/9322457o.jpg 1 51 384 248 107
pos/9325009o.jpg 1 226 400 116 50
pos/9321606o.jpg 1 385 294 49 21
pos/9321848o.jpg 1 424 280 140 60
pos/9661270o.jpg 1 130 372 182 78
pos/9321926o.jpg 1 219 304 87 37
pos/9660582o.jpg 1 142 321 127 54
pos/9322918o.jpg 1 522 288 186 79
pos/9324336o.jpg 1 524 228 97 41
pos/9321658o.jpg 1 381 430 185 78
pos/9661350o.jpg 1 261 337 197 83
pos/9322200o.jpg 1 28 336 212 89
pos/9321841o.jpg 1 97 271 139 58
pos/9661621o.jpg 1 37 330 96 40
pos/9322762o.jpg 1 100 250 136 56
pos/9661157o.jpg 1 479 206 73 30
pos/9323019o.jpg 1 148 354 134 55
pos/9322135o.jpg 1 227 305 127 52
pos/9322957o.jpg 1 334 233 108 44
pos/9324771o.jpg 1 92 277 163 65
pos/9322946o.jpg 1 182 388 133 53
pos/9322947o.jpg 1 483 290 151 60
pos/9323274o.jpg 1 477 409 152 60
pos/9661472o.jpg 1 66 412 114 45
pos/9321509o.jpg 1 99 179 56 22
pos/9660778o.jpg 1 92 299 128 50
pos/9323296o.jpg 1 313 343 262 102
pos/9322674o.jpg 1 176 293 121 47
pos/9322991o.jpg 1 181 349 116 45
pos/9322713o.jpg 1 429 407 122 47
pos/9323495o.jpg 1 241 351 130 50
pos/9661282o.jpg 1 184 282 201 77
pos/9322380o.jpg 1 176 413 230 88
pos/9660390o.jpg 1 204 434 170 65
pos/9323685o.jpg 1 253 283 118 45
pos/9660399o.jpg 1 398 256 139 53
pos/9660783o.jpg 1 594 224 108 41
pos/9660779o.jpg 1 598 321 121 45
pos/9321813o.jpg 1 344 351 237 88
pos/9324021o.jpg 1 436 285 62 23
pos/9322703o.jpg 1 173 329 89 33
pos/9323582o.jpg 1 285 411 135 50
pos/9325013o.jpg 1 519 309 127 47
pos/9324891o.jpg 1 487 348 138 51
pos/9321811o.jpg 1 345 440 160 59
pos/9660391o.jpg 1 469 423 150 55
pos/9322708o.jpg 1 197 349 150 54
pos/9661230o.jpg 1 426 413 153 55
pos/9321864o.jpg 1 175 367 96 34
pos/9322705o.jpg 1 469 394 210 74
pos/9324432o.jpg 1 236 351 125 44
pos/9321777o.jpg 1 147 299 166 58
pos/9324217o.jpg 1 603 175 55 19
pos/9661536o.jpg 1 203 283 108 37
pos/9322621o.jpg 1 241 358 164 56
pos/9322112o.jpg 1 306 374 238 81
pos/9661441o.jpg 1 366 260 162 55
pos/9660781o.jpg 1 117 226 137 46
pos/9322444o.jpg 1 370 289 150 50
pos/9322790o.jpg 1 202 440 234 78
pos/9661587o.jpg 1 102 325 78 26
pos/9660886o.jpg 1 346 418 229 76
pos/9324220o.jpg 1 392 371 254 84
pos/9323287o.jpg 1 378 265 94 31
pos/9324996o.jpg 1 314 392 164 54
pos/9322726o.jpg 1 343 320 155 51
pos/9321838o.jpg 1 564 260 146 48
pos/9323980o.jpg 1 236 229 137 45
pos/9322696o.jpg 1 374 398 165 54
pos/9322707o.jpg 1 469 395 211 69
pos/9322782o.jpg 1 211 416 172 56
pos/9324277o.jpg 1 175 328 179 58
pos/9324083o.jpg 1 104 251 105 34
pos/9322212o.jpg 1 259 299 234 75
pos/9321502o.jpg 1 129 347 85 27
pos/9322482o.jpg 1 322 310 117 37
pos/9321778o.jpg 1 550 342 130 41
pos/9323012o.jpg 1 302 243 173 54
pos/9324531o.jpg 1 456 297 90 28
pos/9661476o.jpg 1 149 303 119 37
pos/9661206o.jpg 1 285 428 187 58
pos/9661159o.jpg 1 278 255 113 35
pos/9323007o.jpg 1 282 202 152 47
pos/9321776o.jpg 1 135 384 165 51
pos/9324555o.jpg 1 199 408 133 41
pos/9660053o.jpg 1 97 419 127 39
pos/9324562o.jpg 1 144 272 121 37
pos/9660054o.jpg 1 241 290 148 45
pos/9661124o.jpg 1 225 312 316 96
pos/9322164o.jpg 1 338 253 112 34
pos/9660172o.jpg 1 237 393 178 54
pos/9323928o.jpg 1 78 387 132 40
pos/9322574o.jpg 1 254 410 208 63
pos/9324199o.jpg 1 604 177 53 16
pos/9324651o.jpg 1 296 434 160 48
pos/9321518o.jpg 1 284 333 184 55
pos/9322148o.jpg 1 340 309 161 48
pos/9321857o.jpg 1 177 371 94 28
pos/9660989o.jpg 1 299 345 280 83
pos/9323861o.jpg 1 201 392 176 52
pos/9323805o.jpg 1 225 484 150 44
pos/9322901o.jpg 1 299 285 165 48
pos/9324892o.jpg 1 63 302 86 25
pos/9322887o.jpg 1 443 82 90 26
pos/9322775o.jpg 1 286 328 239 69
pos/9322597o.jpg 1 257 404 253 73
pos/9322514o.jpg 1 304 252 177 51
pos/9322693o.jpg 1 343 265 167 48
pos/9660279o.jpg 1 279 274 143 41
pos/9322629o.jpg 1 300 378 241 69
pos/9322622o.jpg 1 399 310 147 42
pos/9322685o.jpg 1 256 423 126 36
pos/9324241o.jpg 1 671 244 49 14
pos/9322794o.jpg 1 311 325 204 58
pos/9322978o.jpg 1 313 303 190 54
pos/9322568o.jpg 1 272 339 201 57
pos/9661180o.jpg 1 175 334 106 30
pos/9323005o.jpg 1 289 292 128 36
pos/9660780o.jpg 1 300 238 189 53
pos/9322593o.jpg 1 256 393 314 88
pos/9660412o.jpg 1 268 374 247 69
pos/9323948o.jpg 1 90 407 151 42
pos/9324273o.jpg 1 277 301 166 46
pos/9321800o.jpg 1 155 410 174 48
pos/9322503o.jpg 1 350 309 87 24
pos/9322710o.jpg 1 273 390 167 46
pos/9322361o.jpg 1 292 291 211 58
pos/9323942o.jpg 1 365 365 193 53
pos/9323255o.jpg 1 312 400 215 59
pos/9324423o.jpg 1 144 385 157 43
pos/9323084o.jpg 1 287 227 179 49
pos/9323831o.jpg 1 293 458 180 49
pos/9321863o.jpg 1 304 275 169 46
pos/9324283o.jpg 1 198 330 250 68
pos/9323040o.jpg 1 254 335 254 69
pos/9661136o.jpg 1 317 377 237 64
pos/9324020o.jpg 1 156 286 163 44
pos/9321834o.jpg 1 301 439 234 63
pos/9660052o.jpg 1 288 223 156 42
pos/9322434o.jpg 1 151 332 119 32
pos/9324184o.jpg 1 235 265 138 37
pos/9661540o.jpg 1 332 297 127 34
pos/9322108o.jpg 1 270 335 161 43
pos/9323111o.jpg 1 246 241 180 48
pos/9323281o.jpg 1 332 364 177 47
pos/9324214o.jpg 1 294 246 159 42
pos/9661596o.jpg 1 317 331 159 42
pos/9322956o.jpg 1 334 352 144 38
pos/9324450o.jpg 1 569 190 57 15
pos/9660777o.jpg 1 303 327 190 50
pos/9661537o.jpg 1 180 366 95 25
pos/9661046o.jpg 1 327 289 175 46
pos/9322727o.jpg 1 268 407 156 41
pos/9661139o.jpg 1 288 241 259 68
pos/9322792o.jpg 1 278 473 221 58
pos/9324118o.jpg 1 229 203 103 27
pos/9322442o.jpg 1 299 385 153 40
pos/9322712o.jpg 1 352 327 153 40
pos/9324060o.jpg 1 179 334 203 53
pos/9321775o.jpg 1 300 339 184 48
pos/9323195o.jpg 1 331 387 184 48
pos/9661049o.jpg 1 323 390 211 55
pos/9660940o.jpg 1 325 286 196 51
pos/9324019o.jpg 1 225 202 108 28
pos/9324421o.jpg 1 362 453 135 35
pos/9321832o.jpg 1 296 251 209 54
pos/9661445o.jpg 1 318 408 190 49
pos/9323068o.jpg 1 298 415 183 47
pos/9323597o.jpg 1 347 290 148 38
pos/9323235o.jpg 1 252 330 121 31
pos/9661100o.jpg 1 254 409 250 64
pos/9324654o.jpg 1 275 383 196 50
pos/9661296o.jpg 1 265 314 204 52
pos/9661251o.jpg 1 304 299 87 22
pos/9322511o.jpg 1 305 367 186 47
pos/9323593o.jpg 1 260 407 202 51
pos/9325008o.jpg 1 268 388 206 52
pos/9660776o.jpg 1 318 399 210 53
pos/9661306o.jpg 1 294 391 250 63
pos/9661237o.jpg 1 291 391 254 64
pos/9660691o.jpg 1 323 207 151 38
pos/9660348o.jpg 1 299 412 179 45
pos/9321816o.jpg 1 309 317 187 47
pos/9321643o.jpg 1 315 362 140 35
pos/9322795o.jpg 1 287 295 196 49
pos/9660761o.jpg 1 294 356 188 47
pos/9323636o.jpg 1 199 254 129 32
pos/9660983o.jpg 1 301 220 250 62
pos/9660362o.jpg 1 258 453 238 59
pos/9322565o.jpg 1 327 321 194 48
pos/9321684o.jpg 1 380 270 89 22
pos/9322221o.jpg 1 288 359 215 53
pos/9323890o.jpg 1 251 195 199 49
pos/9661234o.jpg 1 329 449 183 45
pos/9321585o.jpg 1 296 382 171 42
pos/9322741o.jpg 1 248 347 171 42
pos/9323533o.jpg 1 344 269 155 38
pos/9661129o.jpg 1 277 279 245 60
pos/9323748o.jpg 1 296 340 221 54
pos/9324533o.jpg 1 291 452 258 63
pos/9661031o.jpg 1 344 470 197 48
pos/9660376o.jpg 1 290 295 234 57
pos/9660423o.jpg 1 328 297 218 53
pos/9322333o.jpg 1 263 343 243 59
pos/9322216o.jpg 1 283 433 256 62
pos/9324708o.jpg 1 258 360 128 31
pos/9322550o.jpg 1 312 419 182 44
pos/9321987o.jpg 1 269 444 211 51
pos/9323293o.jpg 1 162 443 199 48
pos/9660988o.jpg 1 325 309 195 47
pos/9660351o.jpg 1 281 236 212 51
pos/9324081o.jpg 1 325 384 158 38
pos/9323750o.jpg 1 313 326 208 50
pos/9321559o.jpg 1 309 433 258 62
pos/9324053o.jpg 1 344 353 125 30
pos/9324935o.jpg 1 254 272 171 41
pos/9323725o.jpg 1 453 448 192 46
pos/9323209o.jpg 1 305 369 205 49
pos/9324154o.jpg 1 159 454 155 37
pos/9661097o.jpg 1 258 402 264 63
pos/9322329o.jpg 1 253 475 256 61
pos/9324132o.jpg 1 262 307 210 50
pos/9323256o.jpg 1 341 364 185 44
pos/9661449o.jpg 1 350 285 139 33
pos/9323528o.jpg 1 336 394 135 32
pos/9323067o.jpg 1 252 225 292 69
pos/9322169o.jpg 1 296 330 216 51
pos/9324108o.jpg 1 319 235 161 38
pos/9323197o.jpg 1 318 441 178 42
pos/9661627o.jpg 1 106 347 123 29
pos/9321657o.jpg 1 277 316 208 49
pos/9322742o.jpg 1 251 237 200 47
pos/9660532o.jpg 1 355 487 166 39
pos/9323200o.jpg 1 313 410 128 30
pos/9323396o.jpg 1 315 451 175 41
pos/9322977o.jpg 1 127 433 218 51
pos/9321667o.jpg 1 338 193 107 25
pos/9323475o.jpg 1 285 317 197 46
pos/9323954o.jpg 1 187 474 180 42
pos/9660048o.jpg 1 263 474 206 48
pos/9324173o.jpg 1 287 272 211 49
pos/9324632o.jpg 1 296 355 177 41
pos/9660906o.jpg 1 286 465 227 52
pos/9323894o.jpg 1 218 310 241 55
pos/9323081o.jpg 1 311 338 193 44
pos/9322508o.jpg 1 289 506 215 49
pos/9324706o.jpg 1 299 437 215 49
pos/9322506o.jpg 1 334 316 123 28
pos/9324004o.jpg 1 299 488 185 42
pos/9324169o.jpg 1 457 337 260 59
pos/9323570o.jpg 1 317 346 172 39
pos/9322233o.jpg 1 248 450 288 65
pos/9323275o.jpg 1 293 430 226 51
pos/9661592o.jpg 1 297 383 210 47
pos/9660087o.jpg 1 298 422 219 49
pos/9322358o.jpg 1 306 395 228 51
pos/9321833o.jpg 1 275 481 242 54
pos/9660935o.jpg 1 283 436 211 47
pos/9323514o.jpg 1 186 484 108 24
pos/9660617o.jpg 1 222 292 171 38
pos/9323739o.jpg 1 273 375 248 55
pos/9322335o.jpg 1 271 368 280 62
pos/9322206o.jpg 1 271 353 231 51
pos/9322898o.jpg 1 336 327 154 34
pos/9323807o.jpg 1 368 222 109 24
pos/9322464o.jpg 1 310 276 246 54
pos/9660703o.jpg 1 355 368 155 34
pos/9660716o.jpg 1 280 465 219 48
pos/9660584o.jpg 1 247 356 142 31
pos/9324763o.jpg 1 216 112 115 25
pos/9322098o.jpg 1 276 456 221 48
pos/9321682o.jpg 1 305 215 166 36
pos/9660719o.jpg 1 297 431 213 46
pos/9661210o.jpg 1 285 320 153 33
pos/9323503o.jpg 1 286 300 214 46
pos/9324727o.jpg 1 137 417 131 28
pos/9660578o.jpg 1 270 241 169 36
pos/9661175o.jpg 1 177 391 99 21
pos/9323638o.jpg 1 109 328 137 29
pos/9321739o.jpg 1 313 453 241 51
pos/9661118o.jpg 1 252 449 261 55
pos/9661304o.jpg 1 306 345 209 44
pos/9323944o.jpg 1 323 378 181 38
pos/9323744o.jpg 1 286 479 220 46
pos/9324472o.jpg 1 259 486 264 55
pos/9661370o.jpg 1 330 499 216 45
pos/9323394o.jpg 1 291 466 226 47
pos/9322834o.jpg 1 327 335 194 40
pos/9323684o.jpg 1 263 499 235 42
