pos/9321501o.jpg 1 233 332 53 29
pos/9321502o.jpg 1 129 347 85 27
pos/9321504o.jpg 1 58 343 71 34
pos/9321509o.jpg 1 99 179 56 22
pos/9321517o.jpg 1 417 308 139 60
pos/9321518o.jpg 1 284 333 184 55
pos/9321521o.jpg 1 580 249 86 68
pos/9321555o.jpg 1 264 344 79 38
pos/9321557o.jpg 1 654 306 85 48
pos/9321559o.jpg 1 309 433 258 62
pos/9321560o.jpg 1 604 336 142 81
pos/9321562o.jpg 1 514 273 145 72
pos/9321564o.jpg 1 67 254 125 87
pos/9321585o.jpg 1 296 382 171 42
pos/9321587o.jpg 1 194 280 149 65
pos/9321595o.jpg 1 629 328 69 41
pos/9321606o.jpg 1 385 294 49 21
pos/9321643o.jpg 1 315 362 140 35
pos/9321646o.jpg 1 393 372 97 63
pos/9321657o.jpg 1 277 316 208 49
pos/9321658o.jpg 1 381 430 185 78
pos/9321664o.jpg 1 540 235 62 29
pos/9321667o.jpg 1 338 193 107 25
pos/9321682o.jpg 1 305 215 166 36
pos/9321684o.jpg 1 380 270 89 22
pos/9321717o.jpg 1 16 425 69 59
pos/9321719o.jpg 1 437 407 103 48
pos/9321720o.jpg 1 40 454 98 57
pos/9321739o.jpg 1 313 453 241 51
pos/9321763o.jpg 1 488 359 142 71
pos/9321775o.jpg 1 300 339 184 48
pos/9321776o.jpg 1 135 384 165 51
pos/9321777o.jpg 1 147 299 166 58
pos/9321778o.jpg 1 550 342 130 41
pos/9321779o.jpg 1 603 327 130 86
pos/9321800o.jpg 1 155 410 174 48
pos/9321811o.jpg 1 345 440 160 59
pos/9321813o.jpg 1 344 351 237 88
pos/9321816o.jpg 1 309 317 187 47
pos/9321832o.jpg 1 296 251 209 54
pos/9321833o.jpg 1 275 481 242 54
pos/9321834o.jpg 1 301 439 234 63
pos/9321838o.jpg 1 564 260 146 48
pos/9321841o.jpg 1 97 271 139 58
pos/9321848o.jpg 1 424 280 140 60
pos/9321850o.jpg 1 431 378 128 61
pos/9321857o.jpg 1 177 371 94 28
pos/9321859o.jpg 1 242 360 69 40
pos/9321863o.jpg 1 304 275 169 46
pos/9321864o.jpg 1 175 367 96 34
pos/9321869o.jpg 1 77 402 116 80
pos/9321870o.jpg 1 673 388 96 73
pos/9321872o.jpg 1 61 358 122 97
pos/9321923o.jpg 1 73 322 71 34
pos/9321924o.jpg 1 528 360 132 62
pos/9321926o.jpg 1 219 304 87 37
pos/9321946o.jpg 1 241 423 101 74
pos/9321954o.jpg 1 0 410 131 97
pos/9321969o.jpg 1 102 292 62 48
pos/9321985o.jpg 1 595 409 120 90
pos/9321987o.jpg 1 269 444 211 51
pos/9322023o.jpg 1 115 352 92 62
pos/9322026o.jpg 1 653 296 85 60
pos/9322098o.jpg 1 276 456 221 48
pos/9322103o.jpg 1 188 305 103 48
pos/9322108o.jpg 1 270 335 161 43
pos/9322112o.jpg 1 306 374 238 81
pos/9322122o.jpg 1 468 304 87 41
pos/9322135o.jpg 1 227 305 127 52
pos/9322148o.jpg 1 340 309 161 48
pos/9322164o.jpg 1 338 253 112 34
pos/9322167o.jpg 1 82 315 91 65
pos/9322169o.jpg 1 296 330 216 51
pos/9322174o.jpg 1 120 423 218 113
pos/9322200o.jpg 1 28 336 212 89
pos/9322206o.jpg 1 271 353 231 51
pos/9322212o.jpg 1 259 299 234 75
pos/9322216o.jpg 1 283 433 256 62
pos/9322219o.jpg 1 177 318 119 71
pos/9322221o.jpg 1 288 359 215 53
pos/9322233o.jpg 1 248 450 288 65
pos/9322329o.jpg 1 253 475 256 61
pos/9322333o.jpg 1 263 343 243 59
pos/9322335o.jpg 1 271 368 280 62
pos/9322358o.jpg 1 306 395 228 51
pos/9322360o.jpg 1 61 279 94 70
pos/9322361o.jpg 1 292 291 211 58
pos/9322362o.jpg 1 613 299 100 71
pos/9322380o.jpg 1 176 413 230 88
pos/9322382o.jpg 1 92 263 140 82
pos/9322383o.jpg 1 547 286 130 84
pos/9322386o.jpg 1 14 347 88 75
pos/9322387o.jpg 1 626 355 125 92
pos/9322413o.jpg 1 116 358 140 66
pos/9322414o.jpg 1 542 350 87 53
pos/9322434o.jpg 1 151 332 119 32
pos/9322442o.jpg 1 299 385 153 40
pos/9322443o.jpg 1 45 382 117 61
pos/9322444o.jpg 1 370 289 150 50
pos/9322457o.jpg 1 51 384 248 107
pos/9322464o.jpg 1 310 276 246 54
pos/9322472o.jpg 1 637 249 50 27
pos/9322479o.jpg 1 66 355 96 58
pos/9322482o.jpg 1 322 310 117 37
pos/9322484o.jpg 1 612 347 76 48
pos/9322502o.jpg 1 244 308 58 28
pos/9322503o.jpg 1 350 309 87 24
pos/9322506o.jpg 1 334 316 123 28
pos/9322508o.jpg 1 289 506 215 49
pos/9322511o.jpg 1 305 367 186 47
pos/9322514o.jpg 1 304 252 177 51
pos/9322516o.jpg 1 177 259 91 75
pos/9322550o.jpg 1 312 419 182 44
pos/9322565o.jpg 1 327 321 194 48
pos/9322568o.jpg 1 272 339 201 57
pos/9322569o.jpg 1 583 275 111 59
pos/9322574o.jpg 1 254 410 208 63
pos/9322593o.jpg 1 256 393 314 88
pos/9322597o.jpg 1 257 404 253 73
pos/9322615o.jpg 1 511 435 164 76
pos/9322621o.jpg 1 241 358 164 56
pos/9322622o.jpg 1 399 310 147 42
pos/9322629o.jpg 1 300 378 241 69
pos/9322643o.jpg 1 564 390 98 54
pos/9322652o.jpg 1 67 374 126 78
pos/9322674o.jpg 1 176 293 121 47
pos/9322677o.jpg 1 482 288 127 61
pos/9322685o.jpg 1 256 423 126 36
pos/9322688o.jpg 1 663 326 73 55
pos/9322693o.jpg 1 343 265 167 48
pos/9322695o.jpg 1 92 323 105 67
pos/9322696o.jpg 1 374 398 165 54
pos/9322703o.jpg 1 173 329 89 33
pos/9322704o.jpg 1 80 393 87 54
pos/9322705o.jpg 1 469 394 210 74
pos/9322706o.jpg 1 472 265 132 76
pos/9322707o.jpg 1 469 395 211 69
pos/9322708o.jpg 1 197 349 150 54
pos/9322710o.jpg 1 273 390 167 46
pos/9322711o.jpg 1 108 414 102 67
pos/9322712o.jpg 1 352 327 153 40
pos/9322713o.jpg 1 429 407 122 47
pos/9322726o.jpg 1 343 320 155 51
pos/9322727o.jpg 1 268 407 156 41
pos/9322741o.jpg 1 248 347 171 42
pos/9322742o.jpg 1 251 237 200 47
pos/9322757o.jpg 1 625 318 107 83
pos/9322758o.jpg 1 18 261 65 59
pos/9322760o.jpg 1 478 229 93 59
pos/9322762o.jpg 1 100 250 136 56
pos/9322770o.jpg 1 645 409 99 80
pos/9322775o.jpg 1 286 328 239 69
pos/9322776o.jpg 1 135 306 124 55
pos/9322781o.jpg 1 624 296 95 59
pos/9322782o.jpg 1 211 416 172 56
pos/9322789o.jpg 1 55 305 62 52
pos/9322790o.jpg 1 202 440 234 78
pos/9322792o.jpg 1 278 473 221 58
pos/9322793o.jpg 1 581 259 93 53
pos/9322794o.jpg 1 311 325 204 58
pos/9322795o.jpg 1 287 295 196 49
pos/9322799o.jpg 1 622 247 73 65
pos/9322803o.jpg 1 111 262 120 60
pos/9322830o.jpg 1 42 158 69 30
pos/9322834o.jpg 1 327 335 194 40
pos/9322843o.jpg 1 133 332 183 83
pos/9322865o.jpg 1 593 434 117 61
pos/9322866o.jpg 1 556 250 119 62
pos/9322870o.jpg 1 426 362 124 56
pos/9322887o.jpg 1 443 82 90 26
pos/9322898o.jpg 1 336 327 154 34
pos/9322900o.jpg 1 101 295 98 47
pos/9322901o.jpg 1 299 285 165 48
pos/9322918o.jpg 1 522 288 186 79
pos/9322922o.jpg 1 571 371 153 72
pos/9322923o.jpg 1 574 359 83 50
pos/9322924o.jpg 1 158 299 140 63
pos/9322930o.jpg 1 509 359 166 76
pos/9322946o.jpg 1 182 388 133 53
pos/9322947o.jpg 1 483 290 151 60
pos/9322956o.jpg 1 334 352 144 38
pos/9322957o.jpg 1 334 233 108 44
pos/9322970o.jpg 1 601 444 121 78
pos/9322977o.jpg 1 127 433 218 51
pos/9322978o.jpg 1 313 303 190 54
pos/9322989o.jpg 1 363 334 125 63
pos/9322991o.jpg 1 181 349 116 45
pos/9323001o.jpg 1 519 351 87 47
pos/9323002o.jpg 1 548 316 78 50
pos/9323005o.jpg 1 289 292 128 36
pos/9323007o.jpg 1 282 202 152 47
pos/9323009o.jpg 1 159 218 73 51
pos/9323010o.jpg 1 388 275 68 38
pos/9323011o.jpg 1 595 381 98 76
pos/9323012o.jpg 1 302 243 173 54
pos/9323019o.jpg 1 148 354 134 55
pos/9323040o.jpg 1 254 335 254 69
pos/9323067o.jpg 1 252 225 292 69
pos/9323068o.jpg 1 298 415 183 47
pos/9323073o.jpg 1 22 385 83 68
pos/9323081o.jpg 1 311 338 193 44
pos/9323084o.jpg 1 287 227 179 49
pos/9323111o.jpg 1 246 241 180 48
pos/9323195o.jpg 1 331 387 184 48
pos/9323197o.jpg 1 318 441 178 42
pos/9323200o.jpg 1 313 410 128 30
pos/9323204o.jpg 1 100 431 164 102
pos/9323206o.jpg 1 595 418 144 103
pos/9323208o.jpg 1 63 296 110 77
pos/9323209o.jpg 1 305 369 205 49
pos/9323210o.jpg 1 606 297 109 79
pos/9323235o.jpg 1 252 330 121 31
pos/9323255o.jpg 1 312 400 215 59
pos/9323256o.jpg 1 341 364 185 44
pos/9323274o.jpg 1 477 409 152 60
pos/9323275o.jpg 1 293 430 226 51
pos/9323276o.jpg 1 87 335 132 77
pos/9323281o.jpg 1 332 364 177 47
pos/9323282o.jpg 1 512 252 158 78
pos/9323286o.jpg 1 102 289 116 73
pos/9323287o.jpg 1 378 265 94 31
pos/9323293o.jpg 1 162 443 199 48
pos/9323296o.jpg 1 313 343 262 102
pos/9323321o.jpg 1 73 408 115 66
pos/9323324o.jpg 1 100 328 139 67
pos/9323394o.jpg 1 291 466 226 47
pos/9323396o.jpg 1 315 451 175 41
pos/9323424o.jpg 1 512 318 93 83
pos/9323430o.jpg 1 672 302 93 70
pos/9323434o.jpg 1 168 348 134 61
pos/9323475o.jpg 1 285 317 197 46
pos/9323495o.jpg 1 241 351 130 50
pos/9323503o.jpg 1 286 300 214 46
pos/9323514o.jpg 1 186 484 108 24
pos/9323527o.jpg 1 24 339 83 53
pos/9323528o.jpg 1 336 394 135 32
pos/9323532o.jpg 1 104 261 88 40
pos/9323533o.jpg 1 344 269 155 38
pos/9323570o.jpg 1 317 346 172 39
pos/9323582o.jpg 1 285 411 135 50
pos/9323585o.jpg 1 587 510 113 49
pos/9323588o.jpg 1 221 412 98 52
pos/9323591o.jpg 1 200 360 54 34
pos/9323592o.jpg 1 68 308 117 75
pos/9323593o.jpg 1 260 407 202 51
pos/9323597o.jpg 1 347 290 148 38
pos/9323598o.jpg 1 624 294 78 62
pos/9323606o.jpg 1 25 348 120 95
pos/9323608o.jpg 1 602 245 88 49
pos/9323611o.jpg 1 567 354 130 77
pos/9323636o.jpg 1 199 254 129 32
pos/9323638o.jpg 1 109 328 137 29
pos/9323681o.jpg 1 159 381 137 64
pos/9323684o.jpg 1 263 499 235 42
pos/9323685o.jpg 1 253 283 118 45
pos/9323688o.jpg 1 570 433 166 85
pos/9323725o.jpg 1 453 448 192 46
