pos/9321501o.jpg 1 230 329 59 35
pos/9321502o.jpg 1 126 344 91 33
pos/9321504o.jpg 1 55 340 77 40
pos/9321509o.jpg 1 96 176 62 28
pos/9321517o.jpg 1 414 305 145 66
pos/9321518o.jpg 1 281 330 190 61
pos/9321521o.jpg 1 577 246 92 74
pos/9321555o.jpg 1 261 341 85 44
pos/9321557o.jpg 1 651 303 91 54
pos/9321559o.jpg 1 306 430 264 68
pos/9321560o.jpg 1 601 333 148 87
pos/9321562o.jpg 1 511 270 151 78
pos/9321564o.jpg 1 64 251 131 93
pos/9321585o.jpg 1 293 379 177 48
pos/9321587o.jpg 1 191 277 155 71
pos/9321595o.jpg 1 626 325 75 47
pos/9321606o.jpg 1 382 291 55 27
pos/9321643o.jpg 1 312 359 146 41
pos/9321646o.jpg 1 390 369 103 69
pos/9321657o.jpg 1 274 313 214 55
pos/9321658o.jpg 1 378 427 191 84
pos/9321664o.jpg 1 537 232 68 35
pos/9321667o.jpg 1 335 190 113 31
pos/9321682o.jpg 1 302 212 172 42
pos/9321684o.jpg 1 377 267 95 28
pos/9321717o.jpg 1 13 422 75 65
pos/9321719o.jpg 1 434 404 109 54
pos/9321720o.jpg 1 37 451 104 63
pos/9321739o.jpg 1 310 450 247 57
pos/9321763o.jpg 1 485 356 148 77
pos/9321775o.jpg 1 297 336 190 54
pos/9321776o.jpg 1 132 381 171 57
pos/9321777o.jpg 1 144 296 172 64
pos/9321778o.jpg 1 547 339 136 47
pos/9321779o.jpg 1 600 324 136 92
pos/9321800o.jpg 1 152 407 180 54
pos/9321811o.jpg 1 342 437 166 65
pos/9321813o.jpg 1 341 348 243 94
pos/9321816o.jpg 1 306 314 193 53
pos/9321832o.jpg 1 293 248 215 60
pos/9321833o.jpg 1 272 478 248 60
pos/9321834o.jpg 1 298 436 240 69
pos/9321838o.jpg 1 561 257 152 54
pos/9321841o.jpg 1 94 268 145 64
pos/9321848o.jpg 1 421 277 146 66
pos/9321850o.jpg 1 428 375 134 67
pos/9321857o.jpg 1 174 368 100 34
pos/9321859o.jpg 1 239 357 75 46
pos/9321863o.jpg 1 301 272 175 52
pos/9321864o.jpg 1 172 364 102 40
pos/9321869o.jpg 1 74 399 122 86
pos/9321870o.jpg 1 670 385 102 79
pos/9321872o.jpg 1 58 355 128 103
pos/9321923o.jpg 1 70 319 77 40
pos/9321924o.jpg 1 525 357 138 68
pos/9321926o.jpg 1 216 301 93 43
pos/9321946o.jpg 1 238 420 107 80
pos/9321954o.jpg 1 -3 407 137 103
pos/9321969o.jpg 1 99 289 68 54
pos/9321985o.jpg 1 592 406 126 96
pos/9321987o.jpg 1 266 441 217 57
pos/9322023o.jpg 1 112 349 98 68
pos/9322026o.jpg 1 650 293 91 66
pos/9322098o.jpg 1 273 453 227 54
pos/9322103o.jpg 1 185 302 109 54
pos/9322108o.jpg 1 267 332 167 49
pos/9322112o.jpg 1 303 371 244 87
pos/9322122o.jpg 1 465 301 93 47
pos/9322135o.jpg 1 224 302 133 58
pos/9322148o.jpg 1 337 306 167 54
pos/9322164o.jpg 1 335 250 118 40
pos/9322167o.jpg 1 79 312 97 71
pos/9322169o.jpg 1 293 327 222 57
pos/9322174o.jpg 1 117 420 224 119
pos/9322200o.jpg 1 25 333 218 95
pos/9322206o.jpg 1 268 350 237 57
pos/9322212o.jpg 1 256 296 240 81
pos/9322216o.jpg 1 280 430 262 68
pos/9322219o.jpg 1 174 315 125 77
pos/9322221o.jpg 1 285 356 221 59
pos/9322233o.jpg 1 245 447 294 71
pos/9322329o.jpg 1 250 472 262 67
pos/9322333o.jpg 1 260 340 249 65
pos/9322335o.jpg 1 268 365 286 68
pos/9322358o.jpg 1 303 392 234 57
pos/9322360o.jpg 1 58 276 100 76
pos/9322361o.jpg 1 289 288 217 64
pos/9322362o.jpg 1 610 296 106 77
pos/9322380o.jpg 1 173 410 236 94
pos/9322382o.jpg 1 89 260 146 88
pos/9322383o.jpg 1 544 283 136 90
pos/9322386o.jpg 1 11 344 94 81
pos/9322387o.jpg 1 623 352 131 98
pos/9322413o.jpg 1 113 355 146 72
pos/9322414o.jpg 1 539 347 93 59
pos/9322434o.jpg 1 148 329 125 38
pos/9322442o.jpg 1 296 382 159 46
pos/9322443o.jpg 1 42 379 123 67
pos/9322444o.jpg 1 367 286 156 56
pos/9322457o.jpg 1 48 381 254 113
pos/9322464o.jpg 1 307 273 252 60
pos/9322472o.jpg 1 634 246 56 33
pos/9322479o.jpg 1 63 352 102 64
pos/9322482o.jpg 1 319 307 123 43
pos/9322484o.jpg 1 609 344 82 54
pos/9322502o.jpg 1 241 305 64 34
pos/9322503o.jpg 1 347 306 93 30
pos/9322506o.jpg 1 331 313 129 34
pos/9322508o.jpg 1 286 503 221 55
pos/9322511o.jpg 1 302 364 192 53
pos/9322514o.jpg 1 301 249 183 57
pos/9322516o.jpg 1 174 256 97 81
pos/9322550o.jpg 1 309 416 188 50
pos/9322565o.jpg 1 324 318 200 54
pos/9322568o.jpg 1 269 336 207 63
pos/9322569o.jpg 1 580 272 117 65
pos/9322574o.jpg 1 251 407 214 69
pos/9322593o.jpg 1 253 390 320 94
pos/9322597o.jpg 1 254 401 259 79
pos/9322615o.jpg 1 508 432 170 82
pos/9322621o.jpg 1 238 355 170 62
pos/9322622o.jpg 1 396 307 153 48
pos/9322629o.jpg 1 297 375 247 75
pos/9322643o.jpg 1 561 387 104 60
pos/9322652o.jpg 1 64 371 132 84
pos/9322674o.jpg 1 173 290 127 53
pos/9322677o.jpg 1 479 285 133 67
pos/9322685o.jpg 1 253 420 132 42
pos/9322688o.jpg 1 660 323 79 61
pos/9322693o.jpg 1 340 262 173 54
pos/9322695o.jpg 1 89 320 111 73
pos/9322696o.jpg 1 371 395 171 60
pos/9322703o.jpg 1 170 326 95 39
pos/9322704o.jpg 1 77 390 93 60
pos/9322705o.jpg 1 466 391 216 80
pos/9322706o.jpg 1 469 262 138 82
pos/9322707o.jpg 1 466 392 217 75
pos/9322708o.jpg 1 194 346 156 60
pos/9322710o.jpg 1 270 387 173 52
pos/9322711o.jpg 1 105 411 108 73
pos/9322712o.jpg 1 349 324 159 46
pos/9322713o.jpg 1 426 404 128 53
pos/9322726o.jpg 1 340 317 161 57
pos/9322727o.jpg 1 265 404 162 47
pos/9322741o.jpg 1 245 344 177 48
pos/9322742o.jpg 1 248 234 206 53
pos/9322757o.jpg 1 622 315 113 89
pos/9322758o.jpg 1 15 258 71 65
pos/9322760o.jpg 1 475 226 99 65
pos/9322762o.jpg 1 97 247 142 62
pos/9322770o.jpg 1 642 406 105 86
pos/9322775o.jpg 1 283 325 245 75
pos/9322776o.jpg 1 132 303 130 61
pos/9322781o.jpg 1 621 293 101 65
pos/9322782o.jpg 1 208 413 178 62
pos/9322789o.jpg 1 52 302 68 58
pos/9322790o.jpg 1 199 437 240 84
pos/9322792o.jpg 1 275 470 227 64
pos/9322793o.jpg 1 578 256 99 59
pos/9322794o.jpg 1 308 322 210 64
pos/9322795o.jpg 1 284 292 202 55
pos/9322799o.jpg 1 619 244 79 71
pos/9322803o.jpg 1 108 259 126 66
pos/9322830o.jpg 1 39 155 75 36
pos/9322834o.jpg 1 324 332 200 46
pos/9322843o.jpg 1 130 329 189 89
pos/9322865o.jpg 1 590 431 123 67
pos/9322866o.jpg 1 553 247 125 68
pos/9322870o.jpg 1 423 359 130 62
pos/9322887o.jpg 1 440 79 96 32
pos/9322898o.jpg 1 333 324 160 40
pos/9322900o.jpg 1 98 292 104 53
pos/9322901o.jpg 1 296 282 171 54
pos/9322918o.jpg 1 519 285 192 85
pos/9322922o.jpg 1 568 368 159 78
pos/9322923o.jpg 1 571 356 89 56
pos/9322924o.jpg 1 155 296 146 69
pos/9322930o.jpg 1 506 356 172 82
pos/9322946o.jpg 1 179 385 139 59
pos/9322947o.jpg 1 480 287 157 66
pos/9322956o.jpg 1 331 349 150 44
pos/9322957o.jpg 1 331 230 114 50
pos/9322970o.jpg 1 598 441 127 84
pos/9322977o.jpg 1 124 430 224 57
pos/9322978o.jpg 1 310 300 196 60
pos/9322989o.jpg 1 360 331 131 69
pos/9322991o.jpg 1 178 346 122 51
pos/9323001o.jpg 1 516 348 93 53
pos/9323002o.jpg 1 545 313 84 56
pos/9323005o.jpg 1 286 289 134 42
pos/9323007o.jpg 1 279 199 158 53
pos/9323009o.jpg 1 156 215 79 57
pos/9323010o.jpg 1 385 272 74 44
pos/9323011o.jpg 1 592 378 104 82
pos/9323012o.jpg 1 299 240 179 60
pos/9323019o.jpg 1 145 351 140 61
pos/9323040o.jpg 1 251 332 260 75
pos/9323067o.jpg 1 249 222 298 75
pos/9323068o.jpg 1 295 412 189 53
pos/9323073o.jpg 1 19 382 89 74
pos/9323081o.jpg 1 308 335 199 50
pos/9323084o.jpg 1 284 224 185 55
pos/9323111o.jpg 1 243 238 186 54
pos/9323195o.jpg 1 328 384 190 54
pos/9323197o.jpg 1 315 438 184 48
pos/9323200o.jpg 1 310 407 134 36
pos/9323204o.jpg 1 97 428 170 108
pos/9323206o.jpg 1 592 415 150 109
pos/9323208o.jpg 1 60 293 116 83
pos/9323209o.jpg 1 302 366 211 55
pos/9323210o.jpg 1 603 294 115 85
pos/9323235o.jpg 1 249 327 127 37
pos/9323255o.jpg 1 309 397 221 65
pos/9323256o.jpg 1 338 361 191 50
pos/9323274o.jpg 1 474 406 158 66
pos/9323275o.jpg 1 290 427 232 57
pos/9323276o.jpg 1 84 332 138 83
pos/9323281o.jpg 1 329 361 183 53
pos/9323282o.jpg 1 509 249 164 84
pos/9323286o.jpg 1 99 286 122 79
pos/9323287o.jpg 1 375 262 100 37
pos/9323293o.jpg 1 159 440 205 54
pos/9323296o.jpg 1 310 340 268 108
pos/9323321o.jpg 1 70 405 121 72
pos/9323324o.jpg 1 97 325 145 73
pos/9323394o.jpg 1 288 463 232 53
pos/9323396o.jpg 1 312 448 181 47
pos/9323424o.jpg 1 509 315 99 89
pos/9323430o.jpg 1 669 299 99 76
pos/9323434o.jpg 1 165 345 140 67
pos/9323475o.jpg 1 282 314 203 52
pos/9323495o.jpg 1 238 348 136 56
pos/9323503o.jpg 1 283 297 220 52
pos/9323514o.jpg 1 183 481 114 30
pos/9323527o.jpg 1 21 336 89 59
pos/9323528o.jpg 1 333 391 141 38
pos/9323532o.jpg 1 101 258 94 46
pos/9323533o.jpg 1 341 266 161 44
pos/9323570o.jpg 1 314 343 178 45
pos/9323582o.jpg 1 282 408 141 56
pos/9323585o.jpg 1 584 507 119 55
pos/9323588o.jpg 1 218 409 104 58
pos/9323591o.jpg 1 197 357 60 40
pos/9323592o.jpg 1 65 305 123 81
pos/9323593o.jpg 1 257 404 208 57
pos/9323597o.jpg 1 344 287 154 44
pos/9323598o.jpg 1 621 291 84 68
pos/9323606o.jpg 1 22 345 126 101
pos/9323608o.jpg 1 599 242 94 55
pos/9323611o.jpg 1 564 351 136 83
pos/9323636o.jpg 1 196 251 135 38
pos/9323638o.jpg 1 106 325 143 35
pos/9323681o.jpg 1 156 378 143 70
pos/9323684o.jpg 1 260 496 241 48
pos/9323685o.jpg 1 250 280 124 51
pos/9323688o.jpg 1 567 430 172 91
pos/9323725o.jpg 1 450 445 198 52
pos/9323737o.jpg 1 131 324 73 57
pos/9323738o.jpg 1 678 361 69 75
pos/9323739o.jpg 1 270 372 254 61
pos/9323744o.jpg 1 283 476 226 52
pos/9323747o.jpg 1 598 287 108 86
pos/9323748o.jpg 1 293 337 227 60
pos/9323749o.jpg 1 90 273 119 91
pos/9323750o.jpg 1 310 323 214 56
pos/9323751o.jpg 1 83 282 121 89
pos/9323805o.jpg 1 222 481 156 50
pos/9323807o.jpg 1 365 219 115 30
pos/9323831o.jpg 1 290 455 186 55
pos/9323834o.jpg 1 602 394 96 70
pos/9323849o.jpg 1 507 286 87 65
pos/9323850o.jpg 1 193 286 103 61
pos/9323853o.jpg 1 137 265 88 72
pos/9323860o.jpg 1 38 404 114 93
pos/9323861o.jpg 1 198 389 182 58
pos/9323890o.jpg 1 248 192 205 55
pos/9323894o.jpg 1 215 307 247 61
pos/9323898o.jpg 1 69 190 109 71
pos/9323928o.jpg 1 75 384 138 46
pos/9323942o.jpg 1 362 362 199 59
pos/9323944o.jpg 1 320 375 187 44
pos/9323945o.jpg 1 594 352 124 62
pos/9323947o.jpg 1 57 318 89 75
pos/9323948o.jpg 1 87 404 157 48
pos/9323953o.jpg 1 571 319 119 92
pos/9323954o.jpg 1 184 471 186 48
pos/9323955o.jpg 1 153 244 142 65
pos/9323958o.jpg 1 25 381 130 110
pos/9323966o.jpg 1 512 297 103 67
pos/9323970o.jpg 1 88 276 96 82
pos/9323974o.jpg 1 588 277 112 87
pos/9323977o.jpg 1 77 390 123 89
pos/9323980o.jpg 1 233 226 143 51
pos/9323984o.jpg 1 53 204 98 55
pos/9324004o.jpg 1 296 485 191 48
pos/9324019o.jpg 1 222 199 114 34
pos/9324020o.jpg 1 153 283 169 50
pos/9324021o.jpg 1 433 282 68 29
pos/9324053o.jpg 1 341 350 131 36
pos/9324060o.jpg 1 176 331 209 59
pos/9324061o.jpg 1 503 313 83 63
pos/9324068o.jpg 1 21 323 131 77
pos/9324081o.jpg 1 322 381 164 44
pos/9324083o.jpg 1 101 248 111 40
pos/9324085o.jpg 1 539 236 136 71
pos/9324099o.jpg 1 602 293 132 63
pos/9324106o.jpg 1 178 251 88 45
pos/9324108o.jpg 1 316 232 167 44
pos/9324118o.jpg 1 226 200 109 33
pos/9324132o.jpg 1 259 304 216 56
pos/9324135o.jpg 1 393 321 188 95
pos/9324140o.jpg 1 141 279 126 78
pos/9324154o.jpg 1 156 451 161 43
pos/9324156o.jpg 1 126 438 138 64
pos/9324160o.jpg 1 172 449 118 86
pos/9324161o.jpg 1 217 439 127 81
pos/9324169o.jpg 1 454 334 266 65
pos/9324173o.jpg 1 284 269 217 55
pos/9324178o.jpg 1 500 381 165 82
pos/9324183o.jpg 1 499 379 167 85
pos/9324184o.jpg 1 232 262 144 43
pos/9324199o.jpg 1 601 174 59 22
pos/9324214o.jpg 1 291 243 165 48
pos/9324217o.jpg 1 600 172 61 25
pos/9324220o.jpg 1 389 368 260 90
pos/9324228o.jpg 1 79 429 196 97
pos/9324241o.jpg 1 668 241 55 20
pos/9324273o.jpg 1 274 298 172 52
pos/9324275o.jpg 1 480 388 138 72
pos/9324277o.jpg 1 172 325 185 64
pos/9324283o.jpg 1 195 327 256 74
pos/9324284o.jpg 1 465 353 126 58
pos/9324305o.jpg 1 51 242 88 54
pos/9324307o.jpg 1 72 310 127 59
pos/9324312o.jpg 1 518 411 119 63
pos/9324336o.jpg 1 521 225 103 47
pos/9324338o.jpg 1 125 249 124 57
pos/9324421o.jpg 1 359 450 141 41
pos/9324423o.jpg 1 141 382 163 49
pos/9324432o.jpg 1 233 348 131 50
pos/9324448o.jpg 1 128 388 184 83
pos/9324450o.jpg 1 566 187 63 21
pos/9324472o.jpg 1 256 483 270 61
pos/9324478o.jpg 1 501 290 104 66
pos/9324531o.jpg 1 453 294 96 34
pos/9324533o.jpg 1 288 449 264 69
pos/9324555o.jpg 1 196 405 139 47
pos/9324556o.jpg 1 319 294 78 53
pos/9324562o.jpg 1 141 269 127 43
pos/9324621o.jpg 1 467 409 124 67
pos/9324625o.jpg 1 58 402 143 70
pos/9324632o.jpg 1 293 352 183 47
pos/9324651o.jpg 1 293 431 166 54
pos/9324654o.jpg 1 272 380 202 56
pos/9324706o.jpg 1 296 434 221 55
pos/9324708o.jpg 1 255 357 134 37
pos/9324727o.jpg 1 134 414 137 34
pos/9324763o.jpg 1 213 109 121 31
pos/9324771o.jpg 1 89 274 169 71
pos/9324775o.jpg 1 42 310 69 36
pos/9324891o.jpg 1 484 345 144 57
pos/9324892o.jpg 1 60 299 92 31
pos/9324935o.jpg 1 251 269 177 47
pos/9324996o.jpg 1 311 389 170 60
pos/9325008o.jpg 1 265 385 212 58
pos/9325009o.jpg 1 223 397 122 56
pos/9325013o.jpg 1 516 306 133 53
pos/9325014o.jpg 1 659 292 78 64
pos/9660048o.jpg 1 260 471 212 54
pos/9660050o.jpg 1 654 367 103 75
pos/9660052o.jpg 1 285 220 162 48
pos/9660053o.jpg 1 94 416 133 45
pos/9660054o.jpg 1 238 287 154 51
pos/9660087o.jpg 1 295 419 225 55
pos/9660097o.jpg 1 56 358 91 80
pos/9660172o.jpg 1 234 390 184 60
pos/9660279o.jpg 1 276 271 149 47
pos/9660333o.jpg 1 405 445 243 111
pos/9660334o.jpg 1 68 373 191 117
pos/9660335o.jpg 1 101 227 201 113
pos/9660348o.jpg 1 296 409 185 51
pos/9660349o.jpg 1 681 371 69 76
pos/9660350o.jpg 1 82 356 143 68
pos/9660351o.jpg 1 278 233 218 57
pos/9660352o.jpg 1 113 274 117 55
pos/9660357o.jpg 1 538 277 132 95
pos/9660362o.jpg 1 255 450 244 65
pos/9660363o.jpg 1 603 237 154 84
pos/9660376o.jpg 1 287 292 240 63
pos/9660390o.jpg 1 201 431 176 71
pos/9660391o.jpg 1 466 420 156 61
pos/9660393o.jpg 1 592 283 110 54
pos/9660394o.jpg 1 152 266 138 65
pos/9660399o.jpg 1 395 253 145 59
pos/9660410o.jpg 1 109 279 117 60
pos/9660411o.jpg 1 104 299 162 86
pos/9660412o.jpg 1 265 371 253 75
pos/9660414o.jpg 1 586 347 144 81
pos/9660421o.jpg 1 565 365 129 74
pos/9660423o.jpg 1 325 294 224 59
pos/9660454o.jpg 1 547 413 131 76
pos/9660482o.jpg 1 36 276 102 63
pos/9660486o.jpg 1 467 360 107 58
pos/9660532o.jpg 1 352 484 172 45
pos/9660578o.jpg 1 267 238 175 42
pos/9660582o.jpg 1 139 318 133 60
pos/9660584o.jpg 1 244 353 148 37
pos/9660589o.jpg 1 8 363 117 74
pos/9660613o.jpg 1 27 245 94 56
pos/9660617o.jpg 1 219 289 177 44
pos/9660691o.jpg 1 320 204 157 44
pos/9660703o.jpg 1 352 365 161 40
pos/9660716o.jpg 1 277 462 225 54
pos/9660719o.jpg 1 294 428 219 52
pos/9660761o.jpg 1 291 353 194 53
pos/9660776o.jpg 1 315 396 216 59
pos/9660777o.jpg 1 300 324 196 56
pos/9660778o.jpg 1 89 296 134 56
pos/9660779o.jpg 1 595 318 127 51
pos/9660780o.jpg 1 297 235 195 59
pos/9660781o.jpg 1 114 223 143 52
pos/9660783o.jpg 1 591 221 114 47
pos/9660820o.jpg 1 157 384 176 87
pos/9660886o.jpg 1 343 415 235 82
pos/9660906o.jpg 1 283 462 233 58
pos/9660935o.jpg 1 280 433 217 53
pos/9660940o.jpg 1 322 283 202 57
pos/9660983o.jpg 1 298 217 256 68
pos/9660988o.jpg 1 322 306 201 53
pos/9660989o.jpg 1 296 342 286 89
pos/9661031o.jpg 1 341 467 203 54
pos/9661046o.jpg 1 324 286 181 52
pos/9661049o.jpg 1 320 387 217 61
pos/9661092o.jpg 1 585 372 181 120
pos/9661097o.jpg 1 255 399 270 69
pos/9661100o.jpg 1 251 406 256 70
pos/9661118o.jpg 1 249 446 267 61
pos/9661124o.jpg 1 222 309 322 102
pos/9661129o.jpg 1 274 276 251 66
pos/9661136o.jpg 1 314 374 243 70
pos/9661139o.jpg 1 285 238 265 74
pos/9661157o.jpg 1 476 203 79 36
pos/9661159o.jpg 1 275 252 119 41
pos/9661175o.jpg 1 174 388 105 27
pos/9661179o.jpg 1 609 303 103 76
pos/9661180o.jpg 1 172 331 112 36
pos/9661206o.jpg 1 282 425 193 64
pos/9661210o.jpg 1 282 317 159 39
pos/9661230o.jpg 1 423 410 159 61
pos/9661234o.jpg 1 326 446 189 51
pos/9661237o.jpg 1 288 388 260 70
pos/9661250o.jpg 1 16 303 90 81
pos/9661251o.jpg 1 301 296 93 28
pos/9661252o.jpg 1 446 270 78 38
pos/9661270o.jpg 1 127 369 188 84
pos/9661273o.jpg 1 560 337 113 83
pos/9661281o.jpg 1 522 220 170 119
pos/9661282o.jpg 1 181 279 207 83
pos/9661296o.jpg 1 262 311 210 58
pos/9661304o.jpg 1 303 342 215 50
pos/9661306o.jpg 1 291 388 256 69
pos/9661307o.jpg 1 592 372 119 86
pos/9661335o.jpg 1 589 318 162 78
pos/9661350o.jpg 1 258 334 203 89
pos/9661370o.jpg 1 327 496 222 51
pos/9661437o.jpg 1 144 370 114 70
pos/9661438o.jpg 1 47 418 136 78
pos/9661441o.jpg 1 363 257 168 61
pos/9661444o.jpg 1 479 360 118 75
pos/9661445o.jpg 1 315 405 196 55
pos/9661447o.jpg 1 124 371 117 87
pos/9661448o.jpg 1 515 345 103 73
pos/9661449o.jpg 1 347 282 145 39
pos/9661450o.jpg 1 142 370 116 69
pos/9661472o.jpg 1 63 409 120 51
pos/9661476o.jpg 1 146 300 125 43
pos/9661490o.jpg 1 529 329 90 45
pos/9661530o.jpg 1 532 274 89 49
pos/9661535o.jpg 1 113 368 120 62
pos/9661536o.jpg 1 200 280 114 43
pos/9661537o.jpg 1 177 363 101 31
pos/9661540o.jpg 1 329 294 133 40
pos/9661587o.jpg 1 99 322 84 32
pos/9661592o.jpg 1 294 380 216 53
pos/9661596o.jpg 1 314 328 165 48
pos/9661601o.jpg 1 233 229 67 36
pos/9661621o.jpg 1 34 327 102 46
pos/9661627o.jpg 1 103 344 129 35
